Selection Sort (0.00 ms): 0, 1, 2, 3, 4, 5, 6, 7, 8, 9, 10, 11, 12, 13, 14, 15
Insertion Sort (0.00 ms): 0, 1, 2, 3, 4, 5, 6, 7, 8, 9, 10, 11, 12, 13, 14, 15
Merge Sort     (0.00 ms): 0, 1, 2, 3, 4, 5, 6, 7, 8, 9, 10, 11, 12, 13, 14, 15
0.917471166
0.9215093330000002
0.9117445419999999
0.91052775
0.934749708
0.9200595830000005
0.9374384579999999
0.9409367910000004
0.9898224580000008
0.9417936670000007
0.9548990839999991
0.9518187080000011
0.9661395420000005
0.9694544169999997
0.9615305410000001
0.9613077500000013
0.9569431250000004
1.0119477919999973
0.9814724169999991
1.0022935420000003
0.9733287920000002
0.9944879590000006
1.0019973340000021
1.0189922080000002
1.0212256659999994
0.9907022499999982
1.0429020840000014
1.0466748750000008
1.0390393750000015
1.0523607919999982
1.021644042000002
1.0076100839999995
1.0225237499999977
1.0456489999999974
1.096416749999996
1.0637518750000012
1.0302415000000025
1.050811834000001
1.1095327499999996
1.0663494579999977
1.0598297910000056
1.0617995829999956
1.068082541999999
1.087486792
1.0832191249999994
1.188862291999996
1.0891345000000001
1.0859468749999976
1.1168309999999977
1.0998806249999973
1.1757633749999954
1.172967082999996
1.1364953339999957
1.1029447079999954
1.112592584000005
1.140747625000003
1.1292307920000013
1.1426832499999975
1.152559625000002
1.1433874999999958
1.135999500000004
1.155664999999992
1.169729290999996
1.198186290999999
1.1931105419999994
1.1755929169999888
1.1754960000000096
1.2087346669999874
1.220082000000005
1.2255236670000045
1.1841412079999998
1.1991230830000035
1.2068315420000033
1.2167151669999896
1.2368095829999959
1.2348136670000116
1.2161022910000128
1.2575402079999947
1.239291166000001
1.2453885000000042
1.2211614170000047
1.2509565409999936
1.2672377089999998
1.3039554159999938
1.3095443330000052
1.260109749999998
1.2536190000000005
1.2867217920000087
1.2778620419999953
1.299677208999995
1.2825914579999989
1.3349195420000086
1.3383988329999994
1.3099121670000073
1.3027975419999933
1.3353568329999916
1.343295624999996
1.363602666999995
1.4200525419999934
1.4391623340000024
1.4325314590000033
1.533032832999993
1.5288052920000013
1.4172573749999913
1.3785253339999883
1.3905541250000084
1.3445242089999994
1.3541804999999982
1.4022690830000073
1.4265231670000134
1.528028667000001
1.5722290420000036
1.5438475830000016
1.5193584159999887
1.5670054579999828
1.546117707999997
1.5528941670000052
1.6064615420000052
1.5941833329999895
1.603987042
1.6336688750000121
1.6423394999999914
1.6467582079999943
1.656112582999981
1.6364250409999954
1.6848074170000018
1.6681624580000118
1.6413523749999968
1.6702215410000179
1.645233625000003
1.6956902919999948
1.730176708000016
1.6983000419999996
1.7481002920000037
1.6724600409999937
1.747871042000014
1.7117529170000125
1.7600660409999875
1.7068711670000027
1.740076500000015
1.7214779159999978
1.8966068750000034
1.7286655419999875
1.742107666999999
1.7758887499999787
1.7661058749999938
1.8269557079999856
1.8249273750000157
1.7692686669999773
1.7910007079999843
1.9464433750000012
1.8585988339999915
1.8524680829999909
1.858451166000009
1.8267815840000026
1.9271399170000052
1.9894614160000117
1.8478215840000018
1.9366327079999905
1.9569975
1.9443713329999923
1.9029531660000032
1.8931638329999885
1.9506948749999822
1.9585808330000134
1.9670871669999883
1.9525888750000036
1.9677143749999857
1.9558817079999926
1.973507957999999
1.9564699579999854
1.9502822499999866
2.018535208000003
1.9354827499999772
2.0202723330000083
1.9749426250000113
2.032059250000003
2.0181404589999943
2.01832483299998
2.0161772499999984
1.9974229169999944
1.9900552080000011
2.0537569589999976
2.0408894999999916
2.064806291000025
2.0346283330000006
2.0864468749999787
1.972649792000027
2.1236390830000005
2.1356419999999616
2.191823999999997
2.109098582999991
2.1159109999999828
2.146204917000034
2.1184693339999967
2.176644249999981
2.1524404170000366
2.1669508749999977
2.1728701249999745
2.171340124999972
2.252889041000003
2.2441324160000136
2.188119334000021
2.208564249999995
2.171318417000009
2.163928666000004
2.240852249999989
2.244757832999994
2.260797416999992
2.2640744159999713
2.2004872499999806
2.2434762920000253
2.237896542000044
2.3285776669999905
2.2809553330000085
2.2972062089999667
2.317633374999957
2.2738219999999956
2.310316750000027
2.2087191669999697
2.3431987079999885
2.3020134589999657
2.465772041999969
2.397028209000041
2.757293582999978
2.7975392079999892
2.5005333340000107
2.4500352919999955
2.7124110000000314
2.437030875000005
2.456919040999992
2.4497670829999834
2.4245537090000084
2.448501042000032
2.5334585830000265
2.45913654200001
2.455489250000028
2.3881488330000025
2.470687417000022
2.472538959000019
2.521425000000022
2.4821036660000004
2.443726125000012
2.457558708000022
2.5238391670000055
2.5195267909999757
2.5210155830000076
2.514525708000008
2.4673478330000194
2.5022552919999725
2.449469874999977
2.562001500000008
2.7290000830000167
2.5861562499999877
2.7243214159999525
2.606972833000043
2.658199833000026
2.6315967909999927
2.7464958749999937
2.8584166669999718
2.558838000000037
2.6938059590000307
2.5941433749999874
2.6101731659999814
2.677124957999979
2.660234709000008
2.5993535829999814
2.6095519159999867
2.6380270000000223
2.70374025000001
2.7325063330000035
2.644446999999957
2.68879800000002
2.690432625000028
2.781071708000013
2.6509005839999986
2.654443542000024
2.7265804589999902
2.737163083999974
2.663268833000018
2.7442633750000027
2.775509915999976
2.7344195000000013
2.7541094580000163
2.849509291000004
2.754701667000006
2.816772125000057
2.7845528330000207
2.707782416999976
2.8370478329999287
2.814164333000008
2.773716375000049
2.8142747499999814
2.9016082919999917
2.859750374999976
2.8663156669999807
2.8978528330000017
2.8820813749999843
2.8431163750000223
2.9085123339999654
2.8881938749999563
2.8884444159999703
2.9611597500000926
2.857191291999925
2.898081374999947
2.9246637499999224
2.956440374999943
2.8697602909999205
3.062272708000023
2.9793738750000784
3.030737583999894
2.9850110830000176
2.9813718749999225
3.040056625000034
3.0039792080000325
3.0709817910000083
2.9681294590000107
2.948370958000055
3.0866514580000057
3.039398709000011
3.052431959000046
3.0879621659998975
3.0268621249999796
3.0564409160000423
2.955556374999901
3.012124459000006
3.065926832999935
3.0899971669999786
3.0851880000000165
3.1401124999999865
3.073323250000044
3.144362290999993
2.9914352079999844
3.1600098330000037
3.1302907079999613
3.161967000000004
3.2108962089999977
3.1796790829999964
3.2228123749999895
3.2501288329999625
3.214069084000016
3.169251958000018
3.231612874999996
3.2072869579999406
3.1131449169999996
3.3338728329999867
3.2321000829999775
3.2417654580000317
3.2004370839999865
3.283390625000038
3.2625789999999597
3.2807007080000403
3.264335666000079
3.276640667000038
3.3541810419999365
3.2724162079999815
3.311531500000001
3.3710757500000454
3.3453569999999218
3.329314833000012
3.340480624999941
3.372568249999972
3.341845790999969
3.4076451669999415
3.4136900409999953
3.4359194169999228
3.395740165999996
3.4769707079999534
3.3936577499999885
3.3566413329999705
3.270491166000056
3.512108708000028
3.4620136659999616
3.454673083999978
3.43033975000003
3.4278242090000504
3.5793127089999643
3.5005202500000223
3.5221050829999285
3.5102946670000392
3.5390818329999547
3.5099558750000597
3.4244580829999904
3.4546559579999894
3.5760099999999966
3.586926958999925
3.6315732920000983
3.5187505840000313
3.576368000000002
3.6401978339999914
3.61749312500001
3.502575625000077
3.672231666000016
3.5739050419999785
3.605945375000033
3.5560974169999326
3.597081249999974
3.646371084000066
3.7127274580000176
3.7549352080000062
3.734390249999933
3.741971000000035
3.7512985000000754
3.790955249999911
3.7710274999999456
3.7728834170000027
3.673716334000005
3.786318833999985
3.7114733330000718
3.7731390420000253
3.7695131670000137
3.781074832999934
3.803162165999993
3.8029751669999996
3.8542934579999155
3.9429437499999267
3.370195833999901
3.28996891700001
3.1163569999999936
3.1689780000000383
3.2309350830000767
3.256211375000021
3.314077582999971
3.3986900419999984
3.3805837920000386
3.389381582999931
3.426592792000065
3.5351539170000024
3.585919249999961
3.6351859590000686
3.644853957999999
3.657308124999986
3.722853207999947
3.7400274159999753
3.694659083000033
3.7722216669999398
3.7294076250000217
3.830345291999947
3.9092257920000293
3.876381916000014
4.0320545839999795
3.902320624999902
3.903572791999977
3.930584541999906
4.031006292000029
3.8156215830001656
3.8728247500000634
3.9367801670000517
4.05503104100012
4.083721250000053
4.076911792000146
4.482688042000063
4.124322166999946
4.0901680829999805
4.143002374999924
4.187752125000088
4.157028915999945
4.140990709000107
4.110980917000006
4.218467458000077
4.2551222080001025
4.17196899999999
4.2450264999999945
4.181256125000118
4.212562165999998
4.317176165999854
4.214736916999982
4.180195375000039
4.327901416999794
4.3405409169999984
4.441471999999976
4.304136582999945
4.232157833999963
4.374563625000064
4.354074624999839
4.367743208000093
4.32673720799994
4.3856162499998845
4.3975013330000365
4.2969775829999435
4.420146917000011
4.493447708000076
4.43229766699983
4.43721879199984
4.44001537500003
4.445390374999988
4.507234334000032
4.51294737499984
4.406020249999983
4.476103125000009
4.518865916000095
4.522615750000114
4.574386499999946
4.523559666999972
4.573208208000096
4.549111625000023
4.537099582999872
4.672411499999953
4.590119541999911
4.628542749999951
