Selection Sort (0.00 ms): 0, 1, 2, 3, 4, 5, 6, 7, 8, 9, 10, 11, 12, 13, 14, 15
Insertion Sort (0.00 ms): 0, 1, 2, 3, 4, 5, 6, 7, 8, 9, 10, 11, 12, 13, 14, 15
Merge Sort     (0.00 ms): 0, 1, 2, 3, 4, 5, 6, 7, 8, 9, 10, 11, 12, 13, 14, 15
0.022893624999999994
0.022308082999999992
0.021545083999999992
0.02148449999999999
0.021570707999999994
0.021511875000000014
0.021667832999999997
0.021655500000000022
0.021769125
0.021743124999999974
0.021820333999999997
0.021802208000000045
0.02189862499999995
0.021965458999999965
0.022265875000000046
0.024243875000000026
0.022584917000000038
0.022166499999999978
0.022130374999999924
0.02230504099999997
0.02223320800000006
0.022324750000000004
0.022358458999999997
0.022337374999999993
0.022395500000000013
0.0224773330000001
0.02255258399999993
0.02259325000000001
0.022599666999999934
0.02261174999999993
0.022713415999999986
0.022772208999999988
0.022803999999999935
0.023821291000000078
0.02422037500000007
0.022962624999999903
0.02302441700000002
0.023161500000000057
0.02304283400000018
0.02309229200000007
0.023305415999999912
0.023283750000000047
0.02328333299999996
0.023374041999999928
0.023325250000000075
0.02337374999999997
0.02346983300000005
0.02340791699999989
0.023621333999999994
0.025825957999999982
0.025744624999999965
0.0388258749999999
0.02406700000000006
0.024037832999999953
0.023868790999999945
0.023900749999999915
0.023908583000000094
0.02394016600000004
0.023999875000000115
0.024046000000000012
0.02417208400000015
0.024181750000000113
0.024609582999999935
0.024218500000000143
0.02434137500000011
0.024421374999999967
0.024935957999999925
0.025957584000000367
0.025092499999999962
0.02467104099999995
0.02455937499999994
0.02467133400000021
0.02488245900000008
0.02479708299999972
0.024808125000000292
0.024875583000000034
0.02476795799999998
0.025087082999999843
0.02497312499999982
0.02486662500000003
0.025082792000000076
0.02511474999999974
0.0253328749999997
0.02579154100000025
0.027024500000000007
0.025375250000000182
0.025395875000000068
0.02530874999999977
0.025425917000000187
0.02626274999999989
0.025965792000000043
0.025722916999999956
0.025588249999999757
0.025550334000000063
0.026042792000000148
0.026084415999999777
0.0258830419999998
0.02583870800000021
0.025933708000000166
0.026068708000000385
0.027957499999999857
0.02613483299999997
0.026442999999999994
0.026538999999999646
0.0262940829999998
0.026295166999999786
0.02617724999999993
0.02624995799999974
0.02631074999999994
0.02646737500000018
0.026350666000000356
0.026451542000000217
0.02657474999999998
0.026532709000000043
0.026611208000000275
0.02767629100000013
0.02810491699999984
0.026826291999999974
0.02679583299999999
0.026889624999999917
0.026901916999999997
0.026923583999999945
0.026912999999999965
0.027093790999999978
0.02754670800000003
0.02727125000000008
0.027105999999999852
0.027174834000000203
0.027345749999999835
0.027245208000000076
0.02765612500000003
0.029215167000000264
0.027598000000000233
0.027567707999999413
0.02774745900000042
0.027798290999999864
0.027686457999999803
0.028158750000000232
0.028217917000000092
0.02780595899999927
0.027897957999999612
0.027976332999999798
0.0281892500000005
0.028103250000000024
0.028442499999999704
0.02865429200000058
0.02971366600000014
0.028391749999999938
0.02822487500000026
0.028214042000000106
0.02840445900000077
0.028301541999999458
0.028363291999999873
0.028746208000000273
0.028625749999999783
0.028562624999999287
0.028609874999999896
0.02893004200000071
0.028758874999999406
0.028797291000000058
0.03048470800000036
0.029495999999999967
0.0290144579999998
0.029015250000000492
0.029007874999999572
0.029109458000000643
0.029272167000000238
0.02912858299999943
0.029725
0.02913383399999958
0.029506000000000476
0.029354999999999798
0.02955437500000002
0.029398708999999634
0.031150790999999955
0.030456208999999568
0.029683417000000212
0.029700542000000496
0.029578750000000653
0.029916666999999286
0.0298384580000004
0.029620541999999972
0.029828625000000386
0.02977683299999967
0.030056292000000262
0.030465957999999738
0.030154792000000263
0.030446874999999984
0.03169770800000027
0.030871374999999368
0.030261542000000752
0.030509999999999593
0.03090379100000007
0.030375457999999966
0.030407249999999664
0.030653583999999512
0.030639749999999744
0.031172250000000012
0.03059099999999937
0.030695708999999738
0.03068329099999989
0.030790083999999496
0.033043333000000175
0.031145958999999834
0.031124082999999914
0.031271084000000116
0.030883415999999997
0.03092575000000064
0.031173041999999818
0.03103970899999986
0.031091749999999863
0.03131204199999971
0.031525957999999576
0.03138733300000052
0.03200654100000033
0.03333508399999996
0.032096624999999435
0.03175462500000048
0.03168179099999957
0.03168058400000007
0.031619667000000184
0.0316069170000004
0.03180495899999958
0.03174287499999995
0.031752416999999866
0.031812583999999866
0.03197312500000038
0.032043541000000175
0.033708499999999475
0.03327237500000013
0.03257666699999984
0.03221129099999942
0.03229716700000029
0.03257687500000017
0.03264975000000003
0.032567416000000904
0.03272120799999989
0.032638416999999365
0.03244495800000102
0.03287324999999974
0.03270554200000042
0.03441200000000144
0.03379574999999946
0.033225959000001026
0.03316049999999926
0.03286658300000056
0.033158417000000995
0.03313258300000044
0.033429708999999974
0.033458707999999504
0.03346945899999909
0.0335884170000007
0.03343175000000009
0.03374679100000044
0.03566625000000023
0.03429779100000019
0.03394624999999962
0.033802624999999864
0.03390662500000019
0.03374070799999984
0.03406066700000032
0.03367924999999872
0.03376354199999909
0.03393108399999889
0.034153917000001144
0.034105999999999526
0.03643604200000006
0.03436891600000003
0.03463358399999983
0.03397787499999971
0.03467970800000053
0.0345501249999991
0.03435295799999949
0.03413279099999933
0.03470366600000041
0.03436541599999998
0.034323249999999916
0.03526033400000017
0.03588933300000008
0.034997125000000295
0.03478791699999917
0.03488020800000058
0.034869791000000205
0.03496095799999921
0.035337000000000174
0.035405958000000126
0.03543320899999891
0.034990082999998506
0.03554545799999964
0.03596099999999858
0.036446083000001295
0.03524570900000157
0.035670874999999214
0.035502333000000164
0.035429875000000166
0.035390542000000025
0.03549650000000071
0.035429457999999414
0.035476999999998426
0.03545787500000053
0.03559145800000074
0.03724783300000034
0.036068750000000094
0.036290292000000335
0.03593579200000008
0.03665604200000061
0.03619612500000002
0.03598779100000016
0.03597554099999911
0.03623070799999972
0.03635700000000064
0.03663462499999959
0.03628283399999965
0.03804133300000068
0.03664745799999913
0.0364502910000013
0.03645229200000166
0.03673150000000014
0.03649275000000074
0.036758541999999395
0.03660558300000005
0.037258333000000476
0.036820207999999965
0.03715858300000008
0.038719083000000154
0.03724770800000066
0.03734970899999901
0.03696458299999961
0.0370048340000011
0.037116584000001396
0.03735441600000122
0.037043374999999656
0.03769383299999873
0.037533292000000884
0.03787279099999985
0.039508291999998946
0.037347709000000506
0.037506458000001075
0.037889124999999524
0.03822004099999887
0.03783045800000018
0.037777707999998356
0.03762524999999961
0.037921749999998866
0.038168584000001005
0.037831332999999745
0.04061829099999947
0.038360082999998824
0.038217749999999384
0.03810779199999992
0.037986249999999444
0.03801441599999933
0.03806779099999957
0.038411374999999026
0.03898445799999983
0.03858345799999974
0.03842862499999988
0.04080883299999982
0.03881070799999975
0.03868966599999979
0.03857533300000071
0.038671458999999686
0.03875458299999934
0.03917229199999994
0.03916570899999883
0.03929670900000026
0.038794582999999605
0.039479749999999925
0.04031279199999993
0.03950512499999981
0.0391747089999992
0.03903679199999921
0.0389725839999997
0.039370125000001366
0.03977545899999946
0.039166041999999734
0.03937112500000062
0.039557582999998786
0.04134741600000069
0.04034841700000058
0.039681375000000685
0.04022966700000019
0.03973129199999903
0.03983329100000077
0.039698667000001464
0.039827333999999937
0.039996332999999495
0.03991662500000004
0.04030024999999959
0.04224199999999989
0.040633624999999896
0.04010995800000039
0.040744415999999006
0.04061279199999923
0.040640290999998996
0.040561124999999976
0.040584709000000885
0.04049483399999865
0.04059145899999983
0.04300729200000042
0.0408512089999995
0.04136625000000116
0.04125770899999992
0.040725165999999646
0.04072562500000032
0.04120420799999991
0.04130241599999884
0.04114174999999953
0.041656291999998984
0.04348416600000071
0.04129566699999998
0.04110933399999794
0.04129220899999808
0.04139849999999967
0.04144900000000007
0.04165375000000182
0.04167825000000036
0.04157762500000217
0.041940084000000155
0.04339920900000038
0.04163795799999903
0.04212537500000124
0.04163704199999785
0.04234058300000143
0.041656041999999616
0.04173691599999785
0.04168316599999855
0.04211066700000288
0.04183649999999872
0.04432733400000188
0.042807708000001554
0.04243887499999843
0.042364875000000524
0.04285916699999959
0.04311666699999961
0.042346625000000415
0.042881917000002545
0.042288459000001666
0.0433526250000007
0.04478441699999891
0.04322320800000057
0.04266870800000078
0.04344091700000163
0.042726208000001265
0.04309929199999729
0.04280991699999959
0.04326195899999874
0.04286212500000275
0.04413445799999849
0.04394874999999843
0.04384445799999881
0.04368995800000164
0.04349574999999817
0.044025624999999735
0.043162959
0.044125666999999424
0.043519291999999155
0.044141000000003316
0.04593637500000014
0.04395470800000112
0.04358075000000028
0.04365087499999731
0.043605917000000716
0.044550499999999715
0.04369237499999912
0.0439019579999993
0.04409891699999946
0.04480829199999903
0.04543987500000313
0.04484645899999862
0.04425549999999845
0.044028541999999504
0.044318000000000524
0.044037249999998807
0.0442002090000031
0.044457458000000116
0.04489004199999869
0.046787999999999386
0.04509549999999862
0.04506449999999873
0.04476641599999809
0.044477624999998966
0.050954042000000754
0.05433254099999729
0.051580624999999714
0.04810308400000096
0.046711375000001
0.045158667000002595
0.04544079199999729
0.04550570799999676
0.04576095800000246
0.04589979200000016
0.04567704100000114
0.04584170800000109
0.04534429099999926
0.04789354200000062
0.04613887500000047
0.04603754200000054
0.04634633299999891
0.04605845900000105
