Selection Sort (0.00 ms): 0, 1, 2, 3, 4, 5, 6, 7, 8, 9, 10, 11, 12, 13, 14, 15
Insertion Sort (0.00 ms): 0, 1, 2, 3, 4, 5, 6, 7, 8, 9, 10, 11, 12, 13, 14, 15
Merge Sort     (0.00 ms): 0, 1, 2, 3, 4, 5, 6, 7, 8, 9, 10, 11, 12, 13, 14, 15
0.963685708
0.9817365420000002
0.9735987499999998
0.96443075
0.9662667920000003
0.9711588330000005
1.0041645410000006
1.0092522500000003
1.0115870000000005
1.015227458
1.0013645419999992
1.010915583000001
1.0593917089999998
1.055979292
1.0266271249999992
1.0367130840000005
1.072516750000002
1.0459670410000008
1.09586075
1.0744972090000005
1.0814817910000016
1.0716923330000014
1.1274740409999993
1.0644200830000017
1.1060658329999988
1.0928794579999987
1.1430783749999982
1.0754121659999996
1.1439939999999993
1.1325888749999997
1.1400615829999978
1.1407323330000025
1.1310128329999998
1.1689630830000013
1.1488902919999973
1.1523086249999963
1.1968287080000053
1.1611252920000013
1.1560454170000014
1.2138416250000006
1.1584900830000038
1.2006774160000049
1.2100347499999984
1.2183743340000035
1.1598471249999989
1.2138136250000002
1.202162958999999
1.2602272079999963
1.286013208
1.2104885420000002
1.2397794999999974
1.2504963339999975
1.2360051249999984
1.2518172079999985
1.2818667080000026
1.2568056660000053
1.2506605840000091
1.2357949590000032
1.2689812079999996
1.2625846249999881
1.383191999999994
1.3023676669999986
1.3113442909999975
1.2854272909999906
1.3229264590000014
1.3008823750000005
1.3055073330000084
1.3024962500000044
1.4998897920000047
1.3734221250000047
1.2910948749999989
1.3921703750000063
1.3790025839999913
1.4033145830000109
1.412180124999992
1.3673567090000063
1.378339749999995
1.38597320800001
1.4148085839999993
1.395927125
1.4203319170000128
1.4291926660000058
1.4212897080000033
1.4025697920000084
1.4422596249999913
1.3987676670000013
1.4144065840000053
1.4397205420000034
1.4509734589999965
1.4212886250000025
1.4361235000000079
1.4838712079999965
1.4204263329999947
1.473752042000001
1.466090500000007
1.4532811250000037
1.4789615000000111
1.4684287919999974
1.4869676250000055
1.4900650000000013
1.5091711249999946
1.4644125840000015
1.5159266250000059
1.4837617500000135
1.4756130830000131
1.5465302080000072
1.5231210830000066
1.531171833000002
1.5492351670000062
1.5370893749999937
1.5596673750000036
1.5037872080000056
1.5430677089999847
1.6031489169999986
1.5930735840000239
1.6158437919999926
1.5923926249999738
1.5773348749999911
1.603514415999996
1.6099097499999857
1.5988717920000113
1.6004939169999943
1.6468189580000114
1.6375672910000105
1.66311462500002
1.647867582999993
1.6409991249999791
1.668196249999994
1.7136351249999962
1.6832878749999907
1.7282437920000007
1.675943416999985
1.6742256249999912
1.684187250000008
1.6653706669999906
1.654071999999985
1.6986475839999855
1.7154307909999886
1.716465874999983
1.7506207920000065
1.740055874999996
1.7314714999999978
1.6688469999999995
1.7645547079999915
1.7269019160000028
1.7476750000000152
1.7676097499999912
1.7710569590000205
1.7684217920000265
1.777993500000008
1.772474499999987
1.784754165999999
1.7974032500000021
1.7923137920000158
1.829798041999993
1.81102924999999
1.8332570840000244
1.9363719579999952
1.901814958000017
2.095222917000001
2.1742782910000074
2.1060854579999955
1.9598490000000197
1.888581166000023
2.082055459000003
2.055653124999992
1.9082367920000252
1.963155750000027
1.9630217080000136
1.8496192080000071
1.9737409579999792
1.9470956250000029
1.94492441700001
2.027012834000004
1.9665591669999856
1.9592944580000164
1.9214544160000173
1.9709384999999884
1.9824809169999753
1.9996526659999745
1.9744805839999913
1.9863379170000144
1.989413916999979
1.9444590830000266
2.004711875000055
2.0234433749999994
2.027835207999999
2.009866167000041
2.049626666999984
2.0056089999999926
1.9771717919999787
1.9994797500000345
2.0031091249999804
2.0666156670000078
2.26147050000003
2.0436515839999743
2.088004416999979
2.2288559170000326
2.083277541999962
2.1059170000000336
2.148393874999954
2.126080583000032
2.2341813330000377
2.3551544579999586
2.116549541999973
2.1397853330000203
2.1950748329999783
2.121101416999977
2.1440757080000026
2.171062333000009
2.1691270420000137
2.1893049580000365
2.123736584000028
2.138149791999979
2.1046482079999578
2.20222391599998
2.2224880410000196
2.1680867499999863
2.191361875000041
2.1917880419999847
2.2227881250000223
2.2314609170000494
2.259581959000002
2.180928582999968
2.2093348749999677
2.278699582999991
2.226660874999993
2.252068124999994
2.2188477079999984
2.2629630409999777
2.28508283299999
2.2740005829999745
2.2737632920000124
2.3035932089999847
2.3165299170000253
2.260668958999986
2.319281124999975
2.2626027079999744
2.3225691669999833
2.3192476670000133
2.3259380420000184
2.344000499999993
2.3415955000000395
2.350574375000008
2.3699943330000224
2.3962987909999924
2.346764165999957
2.3898973330000217
2.3860416250000185
2.3920332499999972
2.4054146249999917
2.390046541000004
2.4558567500000095
2.397971584000004
2.4323233329999994
2.4497136250000153
2.4231699169999956
2.44730662500001
2.4409154589999957
2.4544494159999886
2.4734882500000026
2.456508958000029
2.566231875000028
2.5044047920000025
2.505380416000037
2.508301667000012
2.538384457999996
2.510537749999969
2.545065749999992
2.503143374999979
2.572351791000017
2.5392150420000235
2.505681917000004
2.531540542000016
2.5734328749999804
2.5890454999999974
2.5858368329999735
2.5942034159999707
2.599446999999998
2.5390303750000385
2.6111361669999837
2.555512207999982
2.5886406660000034
2.5816312499999867
2.618129500000009
2.614374584000018
2.644732958000077
2.653126166999982
2.6260467500000004
2.6410557920000883
2.641647207999995
2.68254170900002
2.716957459000014
2.710475167000027
2.6979286669999283
2.7464534170001116
2.7179650829999673
2.734084208000013
2.6952783750000435
2.738053832999981
2.7450598330000275
2.7013323749999927
2.774595207999937
2.7286159169999564
2.7770545829999946
2.763389083999982
2.8641453329998967
2.77135054200005
2.8042676669999764
2.8076614589999735
2.7744277499999725
2.8837154159999727
2.875584042000014
2.833147375000067
2.8416080839999722
2.857487708000008
2.8211872919999905
2.8372367910000094
2.8593239169999833
2.7631924580000486
2.9029644160000316
2.886008875000016
2.857117541999969
2.878885791000016
2.882815583000024
2.943789792000075
2.949990416999981
2.9525945839999395
2.9627779169999258
2.9794629170000917
2.908463041999994
2.967095249999943
2.9761587499999678
2.8966332500000362
2.99311641700001
2.981836541000007
3.030696458999955
3.005504832999918
2.991106708000075
2.9821226669999987
3.0116560000000163
2.9886550829999123
3.038509834000024
3.060330416000056
3.083436167000059
3.044317957999965
3.056203916999948
3.1263710420000734
3.1190124590000323
3.130110833999993
3.0797584169999936
3.0995982499999855
3.1258699589999424
3.147972209000045
3.0896209170000475
3.134753958000033
3.1293703750000077
3.155943167000032
3.1292444999999134
3.1396779170000855
3.1872443749999775
3.1640908750000563
3.1715884170000663
3.21956887500005
3.1961504170000126
3.1818273750000117
3.21215200000006
3.286746792000031
3.341663292000021
3.273931292000043
3.256007540999917
3.2739722919999394
3.2772721249999677
3.3194695420000926
3.3141690410000137
3.304456250000044
3.258407583999997
3.333241541999996
3.30495575000009
3.3502374170000166
3.2757393340000363
3.3888615829999935
3.3612803749999784
3.256628792000015
3.3647015839999312
3.4096565419999934
3.306397250000032
3.1514348340000424
2.97013020899999
2.786492750000093
2.8063022500000443
2.8528238750000128
2.8440165410000873
2.9171150419999776
2.9271359589999975
3.0357993750000105
3.0516922499999737
3.0491602079999893
3.0421222909999415
3.0980572500000108
3.1648628340000187
3.1589322500000208
3.2555748749999793
3.2324361249999356
3.2852535839999746
3.310694250000097
3.305409291999922
3.371594541000036
3.3235334170000215
3.3410781659999884
3.4020294169999943
3.413920374999975
3.4628058329999476
3.474614916000064
3.626123792000044
3.483365000000049
3.491347125000061
3.5343434160000697
3.5461323330000596
3.5586578339999733
3.5982658330000277
3.573266917000069
3.5463657919999605
3.597650250000015
3.636264333999975
3.627320499999996
3.8937497499999836
3.814790208999966
3.6845945419998998
3.6864133330000186
3.7108441660000153
3.737675708000097
3.709839165999938
3.671118999999976
3.7754775409999866
3.7971527079999987
3.78631395900004
3.7349886670000387
3.806646750000027
3.766445167000029
3.804493500000035
3.7567031249999445
3.8771184170000197
3.8232496250000167
3.7667513750000126
3.8685915410000007
3.9364197080000167
3.9632907079999313
3.861326166000026
3.8680683339998723
3.8712159169999723
3.9534570829998756
3.8970609579998836
3.914212292000002
3.8917902089999643
3.9728182909998395
3.937470458000007
3.9141151250000803
3.9840793330001816
3.9969442500000696
4.004300041999841
4.0494660420001765
4.021326583000018
4.02071449999994
4.027582541000129
4.015824374999966
4.081232499999942
4.023896500000092
4.008923166999921
4.051740124999924
4.126180624999961
4.059642749999966
4.164558208000017
4.057567165999899
4.1479036660000475
4.087225834000037
4.055136208000022
4.18646683299994
4.152822250000099
4.21385424999994
4.037548166000079
3.6714363749999848
3.591140084000017
3.5694380420000016
3.544765041999881
3.5726604159999624
3.5948630840000533
3.5774244159999853
3.5659654999999475
3.597968208000111
3.5391199589998905
3.5418579160000263
3.5717451670000173
3.5721375000000535
3.543078207999997
3.558545333999973
3.534656541000004
3.6127105419998315
3.5675502909998613
3.593738707999819
